Typesense index built by the plugin's reindex functions: {"resources":216,"failed":0,"errors":[],"memberships":10,"attributes":216,"grants":4}

################ U: exact word vs many longer words ################

U1 plain word, 60 longer words share its prefix:  "zeb"  [order_by="resourceid", fetchrows=[0,500]]
    core:   total=2 refs=[5000,5001]  (order [5001,5000])
    plugin: SERVED by Typesense  total=29 refs=[2153,2154,2155,2156,2157,2158,2159,2160,2161,2162,2163,2164,2165,2166,2167,2168,2169,2170,2171,2172,2173,2174,2175,2176,2177,2178,2179,5000,5001]  (order [5001,5000,2179,2178,2177,2176,2175,2174,2173,2172,2171,2170,2169,2168,2167,2166,2165,2164,2163,2162,2161,2160,2159,2158,2157,2156,2155,2154,2153])
    => DIFFERENT
    exact-word resources in plugin result: [5000,5001]

U2 two plain words:  "lonely zeb"  [order_by="resourceid"]
    core:   total=1 refs=[5000]
    plugin: SERVED by Typesense  total=1 refs=[5000]
    => SAME

U3 plain word first, prefix applies to the other word:  "zeb lonely"  [order_by="resourceid"]
    core:   total=1 refs=[5000]
    plugin: SERVED by Typesense  total=1 refs=[5000]
    => SAME

U4 field search for the exact word:  "title:zeb"  [order_by="resourceid"]
    core:   total=1 refs=[5000]
    plugin: SERVED by Typesense  total=1 refs=[5000]
    => SAME

U5 wildcard:  "zeb*"  [order_by="resourceid", fetchrows=[0,500]]
    core:   total=183 refs=[29,2000,2001,2002,2003,2004,2005,2006,2007,2008,2009,2010,2011,2012,2013,2014,2015,2016,2017,2018,2019,2020,2021,2022,2023,2024,2025,2026,2027,2028,2029,2030,2031,2032,2033,2034,2035,2036,2037,2038,2039,2040,2041,2042,2043,2044,2045,2046,2047,2048,2049,2050,2051,2052,2053,2054,2055,2056,2057,2058,2059,2060,2061,2062,2063,2064,2065,2066,2067,2068,2069,2070,2071,2072,2073,2074,2075,2076,2077,2078,2079,2080,2081,2082,2083,2084,2085,2086,2087,2088,2089,2090,2091,2092,2093,2094,2095,2096,2097,2098,2099,2100,2101,2102,2103,2104,2105,2106,2107,2108,2109,2110,2111,2112,2113,2114,2115,2116,2117,2118,2119,2120,2121,2122,2123,2124,2125,2126,2127,2128,2129,2130,2131,2132,2133,2134,2135,2136,2137,2138,2139,2140,2141,2142,2143,2144,2145,2146,2147,2148,2149,2150,2151,2152,2153,2154,2155,2156,2157,2158,2159,2160,2161,2162,2163,2164,2165,2166,2167,2168,2169,2170,2171,2172,2173,2174,2175,2176,2177,2178,2179,5000,5001]  (order [5001,5000,2179,2178,2177,2176,2175,2174,2173,2172,2171,2170,2169,2168,2167,2166,2165,2164,2163,2162,2161,2160,2159,2158,2157,2156,2155,2154,2153,2152,2151,2150,2149,2148,2147,2146,2145,2144,2143,2142,2141,2140,2139,2138,2137,2136,2135,2134,2133,2132,2131,2130,2129,2128,2127,2126,2125,2124,2123,2122,2121,2120,2119,2118,2117,2116,2115,2114,2113,2112,2111,2110,2109,2108,2107,2106,2105,2104,2103,2102,2101,2100,2099,2098,2097,2096,2095,2094,2093,2092,2091,2090,2089,2088,2087,2086,2085,2084,2083,2082,2081,2080,2079,2078,2077,2076,2075,2074,2073,2072,2071,2070,2069,2068,2067,2066,2065,2064,2063,2062,2061,2060,2059,2058,2057,2056,2055,2054,2053,2052,2051,2050,2049,2048,2047,2046,2045,2044,2043,2042,2041,2040,2039,2038,2037,2036,2035,2034,2033,2032,2031,2030,2029,2028,2027,2026,2025,2024,2023,2022,2021,2020,2019,2018,2017,2016,2015,2014,2013,2012,2011,2010,2009,2008,2007,2006,2005,2004,2003,2002,2001,2000,29])
    plugin: SERVED by Typesense  total=29 refs=[2153,2154,2155,2156,2157,2158,2159,2160,2161,2162,2163,2164,2165,2166,2167,2168,2169,2170,2171,2172,2173,2174,2175,2176,2177,2178,2179,5000,5001]  (order [5001,5000,2179,2178,2177,2176,2175,2174,2173,2172,2171,2170,2169,2168,2167,2166,2165,2164,2163,2162,2161,2160,2159,2158,2157,2156,2155,2154,2153])
    => DIFFERENT
    plugin returned 29 of 183
